-222 -37 37 37
-296 -37 37 37
-333 -37 37 37
-370 -37 37 37
-407 -37 37 37
-444 -37 37 37
-481 -37 37 37
-518 -37 37 37
-629 -37 37 37
-814 -37 37 37
-925 -37 37 37

-703 -74 37 37
-777 -74 37 37

-37 -111 37 37
-407 -111 37 37
-592 -111 37 37
-629 -111 37 37
-666 -111 37 37
-703 -111 37 37
-740 -111 37 37
-814 -111 37 37

-407 -148 37 37
-703 -148 37 37
-851 -148 37 37

-407 -185 37 37
-703 -185 37 37
-814 -185 37 37
-888 -185 37 37
-999 -185 37 37

-333 -222 37 37
-777 -222 37 37
-1073 -222 37 37

-37 -259 37 37
-185 -259 37 37
-666 -259 37 37
-740 -259 37 37
-851 -259 37 37
-962 -259 37 37


-629 -296 37 37
-777 -296 37 37
-851 -296 37 37
-925 -296 37 37
-999 -296 37 37

-259 -333 37 37
-296 -333 37 37
-333 -333 37 37
-370 -333 37 37
-703 -333 37 37
-740 -333 37 37
-777 -333 37 37
-962 -333 37 37
-999 -333 37 37
-1073 -333 37 37

-111 -370 37 37
-555 -370 37 37
-925 -370 37 37

-222 -407 37 37
-333 -407 37 37
-370 -407 37 37
-518 -407 37 37
-703 -407 37 37
-740 -407 37 37
-888 -407 37 37

