-0 0 37 37
-37 0 37 37
-74 0 37 37
-111 0 37 37
-148 0 37 37
-185 0 37 37
-222 0 37 37
-259 0 37 37
-296 0 37 37
-333 0 37 37
-370 0 37 37
-407 0 37 37
-444 0 37 37
-481 0 37 37
-518 0 37 37
-555 0 37 37
-592 0 37 37
-629 0 37 37
-666 0 37 37
-703 0 37 37
-740 0 37 37
-777 0 37 37
-814 0 37 37
-851 0 37 37
-888 0 37 37
-925 0 37 37
-962 0 37 37
-999 0 37 37
-1110 0 37 37
-1036 0 37 37
-1073 0 37 37
-37 -444 37 37
-74 -444 37 37
-111 -444 37 37
-148 -444 37 37
-185 -444 37 37
-222 -444 37 37
-259 -444 37 37
-296 -444 37 37
-333 -444 37 37
-370 -444 37 37
-407 -444 37 37
-444 -444 37 37
-481 -444 37 37
-518 -444 37 37
-555 -444 37 37
-592 -444 37 37
-629 -444 37 37
-666 -444 37 37
-703 -444 37 37
-740 -444 37 37
-777 -444 37 37
-814 -444 37 37
-851 -444 37 37
-888 -444 37 37
-925 -444 37 37
-962 -444 37 37
-999 -444 37 37
-1036 -444 37 37
-1073 -444 37 37
0 -37 37 37
0 -74 37 37
0 -111 37 37
0 -148 37 37
0 -185 37 37
0 -222 37 37
0 -259 37 37
0 -296 37 37
0 -333 37 37
0 -370 37 37
0 -407 37 37
0 -444 37 37
-1110 -37 37 37
-1110 -74 37 37
-1110 -111 37 37
-1110 -148 37 37
-1110 -185 37 37
-1110 -222 37 37
-1110 -259 37 37
-1110 -296 37 37
-1110 -333 37 37
-1110 -370 37 37
-1110 -407 37 37
-1110 -444 37 37
-74 -74 37 37
-148 -74 37 37
-222 -74 37 37
-296 -74 37 37
-370 -74 37 37
-444 -74 37 37
-518 -74 37 37
-592 -74 37 37
-666 -74 37 37
-740 -74 37 37
-814 -74 37 37
-888 -74 37 37
-962 -74 37 37
-1036 -74 37 37
-74 -148 37 37
-148 -148 37 37
-222 -148 37 37
-296 -148 37 37
-370 -148 37 37
-444 -148 37 37
-518 -148 37 37
-592 -148 37 37
-666 -148 37 37
-740 -148 37 37
-814 -148 37 37
-888 -148 37 37
-962 -148 37 37
-1036 -148 37 37

-74 -222 37 37
-148 -222 37 37
-222 -222 37 37
-296 -222 37 37
-370 -222 37 37
-444 -222 37 37
-518 -222 37 37
-592 -222 37 37
-666 -222 37 37
-740 -222 37 37
-814 -222 37 37
-888 -222 37 37
-962 -222 37 37
-1036 -222 37 37
-74 -296 37 37
-148 -296 37 37
-222 -296 37 37
-296 -296 37 37
-370 -296 37 37
-444 -296 37 37
-518 -296 37 37
-592 -296 37 37
-666 -296 37 37
-740 -296 37 37
-814 -296 37 37
-888 -296 37 37
-962 -296 37 37
-1036 -296 37 37
-74 -370 37 37
-148 -370 37 37
-222 -370 37 37
-296 -370 37 37
-370 -370 37 37
-444 -370 37 37
-518 -370 37 37
-592 -370 37 37
-666 -370 37 37
-740 -370 37 37
-814 -370 37 37
-888 -370 37 37
-962 -370 37 37
-1036 -370 37 37
