-222 -37 37 37
-296 -37 37 37
-333 -37 37 37
-370 -37 37 37
-407 -37 37 37
-444 -37 37 37
-481 -37 37 37
-518 -37 37 37
-629 -37 37 37
-814 -37 37 37
-925 -37 37 37



-37 -74 37 37
-74 -74 37 37
-111 -74 37 37
-148 -74 37 37
-185 -74 37 37
-222 -74 37 37
-259 -74 37 37
-296 -74 37 37
-333 -74 37 37
-370 -74 37 37
-407 -74 37 37
-444 -74 37 37
-481 -74 37 37
-518 -74 37 37
-555 -74 37 37
-592 -74 37 37
-629 -74 37 37
-666 -74 37 37
-703 -74 37 37
-740 -74 37 37
-777 -74 37 37
-814 -74 37 37
-851 -74 37 37
-888 -74 37 37
-925 -74 37 37
-962 -74 37 37
-999 -74 37 37
-1036 -74 37 37
-1073 -74 37 37
-37 -111 37 37
-74 -111 37 37
-111 -111 37 37
-148 -111 37 37
-185 -111 37 37
-222 -111 37 37
-259 -111 37 37
-296 -111 37 37
-333 -111 37 37
-370 -111 37 37
-407 -111 37 37
-444 -111 37 37
-481 -111 37 37
-518 -111 37 37
-555 -111 37 37
-592 -111 37 37
-629 -111 37 37
-666 -111 37 37
-703 -111 37 37
-740 -111 37 37
-777 -111 37 37
-814 -111 37 37
-851 -111 37 37
-888 -111 37 37
-925 -111 37 37
-962 -111 37 37
-999 -111 37 37
-1036 -111 37 37
-1073 -111 37 37
-37 -148 37 37
-74 -148 37 37
-111 -148 37 37
-148 -148 37 37
-185 -148 37 37
-222 -148 37 37
-259 -148 37 37
-296 -148 37 37
-333 -148 37 37
-370 -148 37 37
-407 -148 37 37
-444 -148 37 37
-481 -148 37 37
-518 -148 37 37
-555 -148 37 37
-592 -148 37 37
-629 -148 37 37
-666 -148 37 37
-703 -148 37 37
-740 -148 37 37
-777 -148 37 37
-814 -148 37 37
-851 -148 37 37
-888 -148 37 37
-925 -148 37 37
-962 -148 37 37
-999 -148 37 37
-1036 -148 37 37
-1073 -148 37 37
-37 -185 37 37
-74 -185 37 37
-111 -185 37 37
-148 -185 37 37
-185 -185 37 37
-222 -185 37 37
-259 -185 37 37
-296 -185 37 37
-333 -185 37 37
-370 -185 37 37
-407 -185 37 37
-444 -185 37 37
-481 -185 37 37
-518 -185 37 37
-555 -185 37 37
-592 -185 37 37
-629 -185 37 37
-666 -185 37 37
-703 -185 37 37
-740 -185 37 37
-777 -185 37 37
-814 -185 37 37
-851 -185 37 37
-888 -185 37 37
-925 -185 37 37
-962 -185 37 37
-999 -185 37 37
-1036 -185 37 37
-1073 -185 37 37
-37 -222 37 37
-74 -222 37 37
-111 -222 37 37
-148 -222 37 37
-185 -222 37 37
-222 -222 37 37
-259 -222 37 37
-296 -222 37 37
-333 -222 37 37
-370 -222 37 37
-407 -222 37 37
-444 -222 37 37
-481 -222 37 37
-518 -222 37 37
-555 -222 37 37
-592 -222 37 37
-629 -222 37 37
-666 -222 37 37
-703 -222 37 37
-740 -222 37 37
-777 -222 37 37
-814 -222 37 37
-851 -222 37 37
-888 -222 37 37
-925 -222 37 37
-962 -222 37 37
-999 -222 37 37
-1036 -222 37 37
-1073 -222 37 37
-37 -259 37 37
-74 -259 37 37
-111 -259 37 37
-148 -259 37 37
-185 -259 37 37
-222 -259 37 37
-259 -259 37 37
-296 -259 37 37
-333 -259 37 37
-370 -259 37 37
-407 -259 37 37
-444 -259 37 37
-481 -259 37 37
-518 -259 37 37
-555 -259 37 37
-592 -259 37 37
-629 -259 37 37
-666 -259 37 37
-703 -259 37 37
-740 -259 37 37
-777 -259 37 37
-814 -259 37 37
-851 -259 37 37
-888 -259 37 37
-925 -259 37 37
-962 -259 37 37
-999 -259 37 37
-1036 -259 37 37
-1073 -259 37 37
-37 -296 37 37
-74 -296 37 37
-111 -296 37 37
-148 -296 37 37
-185 -296 37 37
-222 -296 37 37
-259 -296 37 37
-296 -296 37 37
-333 -296 37 37
-370 -296 37 37
-407 -296 37 37
-444 -296 37 37
-481 -296 37 37
-518 -296 37 37
-555 -296 37 37
-592 -296 37 37
-629 -296 37 37
-666 -296 37 37
-703 -296 37 37
-740 -296 37 37
-777 -296 37 37
-814 -296 37 37
-851 -296 37 37
-888 -296 37 37
-925 -296 37 37
-962 -296 37 37
-999 -296 37 37
-1036 -296 37 37
-1073 -296 37 37
-37 -333 37 37
-74 -333 37 37
-111 -333 37 37
-148 -333 37 37
-185 -333 37 37
-222 -333 37 37
-259 -333 37 37
-296 -333 37 37
-333 -333 37 37
-370 -333 37 37
-407 -333 37 37
-444 -333 37 37
-481 -333 37 37
-518 -333 37 37
-555 -333 37 37
-592 -333 37 37
-629 -333 37 37
-666 -333 37 37
-703 -333 37 37
-740 -333 37 37
-777 -333 37 37
-814 -333 37 37
-851 -333 37 37
-888 -333 37 37
-925 -333 37 37
-962 -333 37 37
-999 -333 37 37
-1036 -333 37 37
-1073 -333 37 37
-37 -370 37 37
-74 -370 37 37
-111 -370 37 37
-148 -370 37 37
-185 -370 37 37
-222 -370 37 37
-259 -370 37 37
-296 -370 37 37
-333 -370 37 37
-370 -370 37 37
-407 -370 37 37
-444 -370 37 37
-481 -370 37 37
-518 -370 37 37
-555 -370 37 37
-592 -370 37 37
-629 -370 37 37
-666 -370 37 37
-703 -370 37 37
-740 -370 37 37
-777 -370 37 37
-814 -370 37 37
-851 -370 37 37
-888 -370 37 37
-925 -370 37 37
-962 -370 37 37
-999 -370 37 37
-1036 -370 37 37
-1073 -370 37 37
-37 -407 37 37
-74 -407 37 37
-111 -407 37 37
-148 -407 37 37
-185 -407 37 37
-222 -407 37 37
-259 -407 37 37
-296 -407 37 37
-333 -407 37 37
-370 -407 37 37
-407 -407 37 37
-444 -407 37 37
-481 -407 37 37
-518 -407 37 37
-555 -407 37 37
-592 -407 37 37
-629 -407 37 37
-666 -407 37 37
-703 -407 37 37
-740 -407 37 37
-777 -407 37 37
-814 -407 37 37
-851 -407 37 37
-888 -407 37 37
-925 -407 37 37
-962 -407 37 37
-999 -407 37 37
-1036 -407 37 37
-1073 -407 37 37
